FID,OID,lat,lon
0,0,32.375,102.375
1,0,32.625,102.375
2,0,32.625,102.625
3,0,32.875,102.125
4,0,32.875,102.375
5,0,32.875,102.625
6,0,32.875,102.875
7,0,32.875,103.125
8,0,33.125,99.625
9,0,33.125,101.625
10,0,33.125,101.875
11,0,33.125,102.125
12,0,33.125,102.375
13,0,33.125,102.625
14,0,33.125,102.875
15,0,33.125,103.125
16,0,33.125,103.375
17,0,33.375,98.875
18,0,33.375,99.125
19,0,33.375,99.375
20,0,33.375,99.625
21,0,33.375,99.875
22,0,33.375,100.125
23,0,33.375,100.875
24,0,33.375,101.125
25,0,33.375,101.375
26,0,33.375,101.625
27,0,33.375,101.875
28,0,33.375,102.125
29,0,33.375,102.375
30,0,33.375,102.625
31,0,33.375,102.875
32,0,33.375,103.125
33,0,33.625,98.625
34,0,33.625,98.875
35,0,33.625,99.125
36,0,33.625,99.375
37,0,33.625,99.625
38,0,33.625,99.875
39,0,33.625,100.125
40,0,33.625,100.625
41,0,33.625,100.875
42,0,33.625,101.125
43,0,33.625,101.375
44,0,33.625,101.625
45,0,33.625,101.875
46,0,33.625,102.125
47,0,33.625,102.375
48,0,33.625,102.625
49,0,33.625,102.875
50,0,33.625,103.125
51,0,33.875,98.375
52,0,33.875,98.625
53,0,33.875,98.875
54,0,33.875,99.125
55,0,33.875,99.375
56,0,33.875,99.625
57,0,33.875,99.875
58,0,33.875,100.125
59,0,33.875,100.375
60,0,33.875,100.625
61,0,33.875,100.875
62,0,33.875,101.125
63,0,33.875,101.375
64,0,33.875,101.625
65,0,33.875,101.875
66,0,33.875,102.125
67,0,33.875,102.375
68,0,33.875,102.625
69,0,33.875,102.875
70,0,33.875,107.875
71,0,33.875,108.125
72,0,33.875,108.375
73,0,33.875,108.625
74,0,33.875,108.875
75,0,33.875,109.375
76,0,33.875,110.625
77,0,33.875,111.375
78,0,33.875,111.625
79,0,33.875,111.875
80,0,34.125,97.125
81,0,34.125,97.375
82,0,34.125,97.875
83,0,34.125,98.125
84,0,34.125,98.375
85,0,34.125,98.625
86,0,34.125,98.875
87,0,34.125,99.125
88,0,34.125,99.375
89,0,34.125,99.625
90,0,34.125,99.875
91,0,34.125,100.125
92,0,34.125,100.375
93,0,34.125,100.625
94,0,34.125,100.875
95,0,34.125,101.125
96,0,34.125,101.375
97,0,34.125,101.625
98,0,34.125,101.875
99,0,34.125,102.125
100,0,34.125,102.375
101,0,34.125,107.625
102,0,34.125,107.875
103,0,34.125,108.125
104,0,34.125,108.375
105,0,34.125,108.625
106,0,34.125,108.875
107,0,34.125,109.125
108,0,34.125,109.375
109,0,34.125,109.625
110,0,34.125,110.125
111,0,34.125,110.375
112,0,34.125,110.625
113,0,34.125,110.875
114,0,34.125,111.125
115,0,34.125,111.375
116,0,34.125,111.625
117,0,34.125,111.875
118,0,34.125,112.125
119,0,34.375,96.625
120,0,34.375,96.875
121,0,34.375,97.125
122,0,34.375,97.375
123,0,34.375,97.625
124,0,34.375,97.875
125,0,34.375,98.125
126,0,34.375,98.375
127,0,34.375,98.625
128,0,34.375,98.875
129,0,34.375,99.125
130,0,34.375,99.375
131,0,34.375,99.625
132,0,34.375,99.875
133,0,34.375,100.125
134,0,34.375,100.375
135,0,34.375,100.625
136,0,34.375,100.875
137,0,34.375,101.125
138,0,34.375,101.375
139,0,34.375,101.625
140,0,34.375,101.875
141,0,34.375,102.125
142,0,34.375,102.375
143,0,34.375,102.625
144,0,34.375,102.875
145,0,34.375,103.125
146,0,34.375,103.375
147,0,34.375,103.625
148,0,34.375,103.875
149,0,34.375,104.125
150,0,34.375,104.375
151,0,34.375,104.625
152,0,34.375,105.875
153,0,34.375,106.625
154,0,34.375,106.875
155,0,34.375,107.125
156,0,34.375,107.375
157,0,34.375,107.625
158,0,34.375,107.875
159,0,34.375,108.125
160,0,34.375,108.375
161,0,34.375,108.625
162,0,34.375,108.875
163,0,34.375,109.125
164,0,34.375,109.375
165,0,34.375,109.625
166,0,34.375,109.875
167,0,34.375,110.125
168,0,34.375,110.375
169,0,34.375,110.625
170,0,34.375,110.875
171,0,34.375,111.125
172,0,34.375,111.375
173,0,34.375,111.625
174,0,34.375,111.875
175,0,34.375,112.125
176,0,34.375,112.375
177,0,34.375,112.625
178,0,34.625,96.125
179,0,34.625,96.375
180,0,34.625,96.625
181,0,34.625,96.875
182,0,34.625,97.125
183,0,34.625,97.375
184,0,34.625,97.625
185,0,34.625,97.875
186,0,34.625,98.125
187,0,34.625,98.375
188,0,34.625,98.625
189,0,34.625,98.875
190,0,34.625,99.125
191,0,34.625,99.375
192,0,34.625,99.625
193,0,34.625,99.875
194,0,34.625,100.125
195,0,34.625,100.375
196,0,34.625,100.625
197,0,34.625,100.875
198,0,34.625,101.125
199,0,34.625,101.375
200,0,34.625,101.625
201,0,34.625,101.875
202,0,34.625,102.125
203,0,34.625,102.375
204,0,34.625,102.625
205,0,34.625,102.875
206,0,34.625,103.125
207,0,34.625,103.375
208,0,34.625,103.625
209,0,34.625,103.875
210,0,34.625,104.125
211,0,34.625,104.375
212,0,34.625,104.625
213,0,34.625,104.875
214,0,34.625,105.125
215,0,34.625,105.375
216,0,34.625,105.625
217,0,34.625,105.875
218,0,34.625,106.125
219,0,34.625,106.375
220,0,34.625,106.625
221,0,34.625,106.875
222,0,34.625,107.125
223,0,34.625,107.375
224,0,34.625,107.625
225,0,34.625,107.875
226,0,34.625,108.125
227,0,34.625,108.375
228,0,34.625,108.625
229,0,34.625,108.875
230,0,34.625,109.125
231,0,34.625,109.375
232,0,34.625,109.625
233,0,34.625,109.875
234,0,34.625,110.125
235,0,34.625,110.375
236,0,34.625,110.625
237,0,34.625,110.875
238,0,34.625,111.125
239,0,34.625,111.375
240,0,34.625,111.625
241,0,34.625,111.875
242,0,34.625,112.125
243,0,34.625,112.375
244,0,34.625,112.625
245,0,34.625,112.875
246,0,34.625,113.125
247,0,34.875,96.125
248,0,34.875,96.375
249,0,34.875,96.625
250,0,34.875,96.875
251,0,34.875,97.125
252,0,34.875,97.375
253,0,34.875,97.625
254,0,34.875,97.875
255,0,34.875,98.125
256,0,34.875,98.375
257,0,34.875,98.625
258,0,34.875,99.125
259,0,34.875,99.375
260,0,34.875,99.625
261,0,34.875,99.875
262,0,34.875,100.125
263,0,34.875,100.375
264,0,34.875,100.625
265,0,34.875,100.875
266,0,34.875,101.125
267,0,34.875,101.375
268,0,34.875,101.625
269,0,34.875,101.875
270,0,34.875,102.125
271,0,34.875,102.375
272,0,34.875,102.625
273,0,34.875,102.875
274,0,34.875,103.125
275,0,34.875,103.375
276,0,34.875,103.625
277,0,34.875,103.875
278,0,34.875,104.125
279,0,34.875,104.375
280,0,34.875,104.625
281,0,34.875,104.875
282,0,34.875,105.125
283,0,34.875,105.375
284,0,34.875,105.625
285,0,34.875,105.875
286,0,34.875,106.125
287,0,34.875,106.375
288,0,34.875,106.625
289,0,34.875,106.875
290,0,34.875,107.125
291,0,34.875,107.375
292,0,34.875,107.625
293,0,34.875,107.875
294,0,34.875,108.125
295,0,34.875,108.375
296,0,34.875,108.625
297,0,34.875,108.875
298,0,34.875,109.125
299,0,34.875,109.375
300,0,34.875,109.625
301,0,34.875,109.875
302,0,34.875,110.125
303,0,34.875,110.375
304,0,34.875,110.625
305,0,34.875,110.875
306,0,34.875,111.125
307,0,34.875,111.375
308,0,34.875,111.625
309,0,34.875,111.875
310,0,34.875,112.125
311,0,34.875,112.375
312,0,34.875,112.625
313,0,34.875,112.875
314,0,34.875,113.125
315,0,34.875,113.375
316,0,34.875,113.875
317,0,34.875,114.125
318,0,34.875,114.375
319,0,34.875,114.625
320,0,35.125,96.125
321,0,35.125,96.375
322,0,35.125,96.625
323,0,35.125,96.875
324,0,35.125,97.125
325,0,35.125,97.375
326,0,35.125,97.625
327,0,35.125,97.875
328,0,35.125,98.125
329,0,35.125,99.125
330,0,35.125,99.375
331,0,35.125,99.625
332,0,35.125,99.875
333,0,35.125,100.125
334,0,35.125,100.375
335,0,35.125,100.625
336,0,35.125,100.875
337,0,35.125,101.125
338,0,35.125,101.375
339,0,35.125,101.625
340,0,35.125,101.875
341,0,35.125,102.125
342,0,35.125,102.375
343,0,35.125,102.625
344,0,35.125,102.875
345,0,35.125,103.125
346,0,35.125,103.375
347,0,35.125,103.625
348,0,35.125,103.875
349,0,35.125,104.125
350,0,35.125,104.375
351,0,35.125,104.625
352,0,35.125,104.875
353,0,35.125,105.125
354,0,35.125,105.375
355,0,35.125,105.625
356,0,35.125,105.875
357,0,35.125,106.125
358,0,35.125,106.375
359,0,35.125,106.625
360,0,35.125,106.875
361,0,35.125,107.125
362,0,35.125,107.375
363,0,35.125,107.625
364,0,35.125,107.875
365,0,35.125,108.125
366,0,35.125,108.375
367,0,35.125,108.625
368,0,35.125,108.875
369,0,35.125,109.125
370,0,35.125,109.375
371,0,35.125,109.625
372,0,35.125,109.875
373,0,35.125,110.125
374,0,35.125,110.375
375,0,35.125,110.625
376,0,35.125,110.875
377,0,35.125,111.125
378,0,35.125,111.375
379,0,35.125,111.625
380,0,35.125,111.875
381,0,35.125,112.125
382,0,35.125,112.375
383,0,35.125,112.625
384,0,35.125,112.875
385,0,35.125,113.875
386,0,35.125,114.125
387,0,35.125,114.375
388,0,35.125,114.625
389,0,35.125,114.875
390,0,35.375,96.875
391,0,35.375,97.625
392,0,35.375,99.375
393,0,35.375,99.625
394,0,35.375,99.875
395,0,35.375,100.125
396,0,35.375,100.375
397,0,35.375,100.625
398,0,35.375,100.875
399,0,35.375,101.125
400,0,35.375,101.375
401,0,35.375,101.625
402,0,35.375,101.875
403,0,35.375,102.125
404,0,35.375,102.375
405,0,35.375,102.625
406,0,35.375,102.875
407,0,35.375,103.125
408,0,35.375,103.375
409,0,35.375,103.625
410,0,35.375,103.875
411,0,35.375,104.125
412,0,35.375,104.375
413,0,35.375,104.625
414,0,35.375,104.875
415,0,35.375,105.125
416,0,35.375,105.375
417,0,35.375,105.625
418,0,35.375,105.875
419,0,35.375,106.125
420,0,35.375,106.375
421,0,35.375,106.625
422,0,35.375,106.875
423,0,35.375,107.125
424,0,35.375,107.375
425,0,35.375,107.625
426,0,35.375,107.875
427,0,35.375,108.125
428,0,35.375,108.375
429,0,35.375,108.625
430,0,35.375,108.875
431,0,35.375,109.125
432,0,35.375,109.375
433,0,35.375,109.625
434,0,35.375,109.875
435,0,35.375,110.125
436,0,35.375,110.375
437,0,35.375,110.625
438,0,35.375,110.875
439,0,35.375,111.125
440,0,35.375,111.375
441,0,35.375,111.625
442,0,35.375,111.875
443,0,35.375,112.125
444,0,35.375,112.375
445,0,35.375,112.625
446,0,35.375,112.875
447,0,35.375,114.375
448,0,35.375,114.625
449,0,35.375,114.875
450,0,35.625,99.375
451,0,35.625,99.625
452,0,35.625,99.875
453,0,35.625,100.125
454,0,35.625,100.375
455,0,35.625,100.625
456,0,35.625,100.875
457,0,35.625,101.125
458,0,35.625,101.375
459,0,35.625,101.625
460,0,35.625,101.875
461,0,35.625,102.125
462,0,35.625,102.375
463,0,35.625,102.625
464,0,35.625,102.875
465,0,35.625,103.125
466,0,35.625,103.375
467,0,35.625,103.625
468,0,35.625,103.875
469,0,35.625,104.125
470,0,35.625,104.375
471,0,35.625,104.625
472,0,35.625,104.875
473,0,35.625,105.125
474,0,35.625,105.375
475,0,35.625,105.625
476,0,35.625,105.875
477,0,35.625,106.125
478,0,35.625,106.375
479,0,35.625,106.625
480,0,35.625,106.875
481,0,35.625,107.125
482,0,35.625,107.375
483,0,35.625,107.625
484,0,35.625,107.875
485,0,35.625,108.125
486,0,35.625,108.375
487,0,35.625,108.625
488,0,35.625,108.875
489,0,35.625,109.125
490,0,35.625,109.375
491,0,35.625,109.625
492,0,35.625,109.875
493,0,35.625,110.125
494,0,35.625,110.375
495,0,35.625,110.625
496,0,35.625,110.875
497,0,35.625,111.125
498,0,35.625,111.375
499,0,35.625,111.625
500,0,35.625,111.875
501,0,35.625,112.125
502,0,35.625,112.375
503,0,35.625,112.625
504,0,35.625,112.875
505,0,35.625,113.125
506,0,35.625,114.625
507,0,35.625,114.875
508,0,35.625,115.125
509,0,35.625,115.375
510,0,35.875,99.125
511,0,35.875,99.375
512,0,35.875,99.625
513,0,35.875,100.625
514,0,35.875,100.875
515,0,35.875,101.125
516,0,35.875,101.375
517,0,35.875,101.625
518,0,35.875,101.875
519,0,35.875,102.125
520,0,35.875,102.375
521,0,35.875,102.625
522,0,35.875,102.875
523,0,35.875,103.125
524,0,35.875,103.375
525,0,35.875,103.625
526,0,35.875,103.875
527,0,35.875,104.125
528,0,35.875,104.375
529,0,35.875,104.625
530,0,35.875,104.875
531,0,35.875,105.125
532,0,35.875,105.375
533,0,35.875,105.625
534,0,35.875,105.875
535,0,35.875,106.125
536,0,35.875,106.375
537,0,35.875,106.625
538,0,35.875,106.875
539,0,35.875,107.125
540,0,35.875,107.375
541,0,35.875,107.625
542,0,35.875,107.875
543,0,35.875,108.125
544,0,35.875,108.375
545,0,35.875,108.625
546,0,35.875,108.875
547,0,35.875,109.125
548,0,35.875,109.375
549,0,35.875,109.625
550,0,35.875,109.875
551,0,35.875,110.125
552,0,35.875,110.375
553,0,35.875,110.625
554,0,35.875,110.875
555,0,35.875,111.125
556,0,35.875,111.375
557,0,35.875,111.625
558,0,35.875,111.875
559,0,35.875,112.125
560,0,35.875,112.375
561,0,35.875,112.625
562,0,35.875,112.875
563,0,35.875,115.625
564,0,35.875,115.875
565,0,35.875,117.125
566,0,35.875,117.375
567,0,35.875,117.625
568,0,36.125,100.375
569,0,36.125,100.625
570,0,36.125,100.875
571,0,36.125,101.125
572,0,36.125,101.375
573,0,36.125,101.625
574,0,36.125,101.875
575,0,36.125,102.125
576,0,36.125,102.375
577,0,36.125,102.625
578,0,36.125,102.875
579,0,36.125,103.125
580,0,36.125,103.375
581,0,36.125,103.625
582,0,36.125,103.875
583,0,36.125,104.125
584,0,36.125,104.375
585,0,36.125,104.625
586,0,36.125,104.875
587,0,36.125,105.125
588,0,36.125,105.375
589,0,36.125,105.625
590,0,36.125,105.875
591,0,36.125,106.125
592,0,36.125,106.375
593,0,36.125,106.625
594,0,36.125,106.875
595,0,36.125,107.125
596,0,36.125,107.375
597,0,36.125,107.625
598,0,36.125,107.875
599,0,36.125,108.125
600,0,36.125,108.375
601,0,36.125,108.625
602,0,36.125,108.875
603,0,36.125,109.125
604,0,36.125,109.375
605,0,36.125,109.625
606,0,36.125,109.875
607,0,36.125,110.125
608,0,36.125,110.375
609,0,36.125,110.625
610,0,36.125,110.875
611,0,36.125,111.125
612,0,36.125,111.375
613,0,36.125,111.625
614,0,36.125,111.875
615,0,36.125,112.125
616,0,36.125,112.375
617,0,36.125,112.625
618,0,36.125,116.125
619,0,36.125,116.375
620,0,36.125,116.625
621,0,36.125,116.875
622,0,36.125,117.125
623,0,36.125,117.375
624,0,36.125,117.625
625,0,36.125,117.875
626,0,36.375,100.625
627,0,36.375,100.875
628,0,36.375,101.375
629,0,36.375,101.625
630,0,36.375,101.875
631,0,36.375,102.125
632,0,36.375,102.375
633,0,36.375,102.625
634,0,36.375,102.875
635,0,36.375,103.125
636,0,36.375,103.375
637,0,36.375,103.625
638,0,36.375,103.875
639,0,36.375,104.125
640,0,36.375,104.375
641,0,36.375,104.625
642,0,36.375,104.875
643,0,36.375,105.125
644,0,36.375,105.375
645,0,36.375,105.625
646,0,36.375,105.875
647,0,36.375,106.125
648,0,36.375,106.375
649,0,36.375,106.625
650,0,36.375,106.875
651,0,36.375,107.125
652,0,36.375,107.375
653,0,36.375,107.625
654,0,36.375,107.875
655,0,36.375,108.125
656,0,36.375,108.375
657,0,36.375,108.625
658,0,36.375,108.875
659,0,36.375,109.125
660,0,36.375,109.375
661,0,36.375,109.625
662,0,36.375,109.875
663,0,36.375,110.125
664,0,36.375,110.375
665,0,36.375,110.625
666,0,36.375,110.875
667,0,36.375,111.125
668,0,36.375,111.375
669,0,36.375,111.625
670,0,36.375,111.875
671,0,36.375,112.125
672,0,36.375,112.375
673,0,36.375,116.625
674,0,36.375,116.875
675,0,36.375,117.125
676,0,36.375,117.375
677,0,36.375,117.625
678,0,36.625,101.125
679,0,36.625,101.375
680,0,36.625,101.625
681,0,36.625,101.875
682,0,36.625,102.125
683,0,36.625,102.375
684,0,36.625,102.625
685,0,36.625,102.875
686,0,36.625,103.125
687,0,36.625,103.375
688,0,36.625,103.625
689,0,36.625,103.875
690,0,36.625,104.125
691,0,36.625,104.375
692,0,36.625,104.625
693,0,36.625,104.875
694,0,36.625,105.125
695,0,36.625,105.375
696,0,36.625,105.625
697,0,36.625,105.875
698,0,36.625,106.125
699,0,36.625,106.375
700,0,36.625,106.625
701,0,36.625,106.875
702,0,36.625,107.125
703,0,36.625,107.375
704,0,36.625,107.625
705,0,36.625,107.875
706,0,36.625,108.125
707,0,36.625,108.375
708,0,36.625,108.625
709,0,36.625,108.875
710,0,36.625,109.125
711,0,36.625,109.375
712,0,36.625,109.625
713,0,36.625,109.875
714,0,36.625,110.125
715,0,36.625,110.375
716,0,36.625,110.625
717,0,36.625,110.875
718,0,36.625,111.125
719,0,36.625,111.375
720,0,36.625,111.625
721,0,36.625,111.875
722,0,36.625,112.125
723,0,36.625,112.375
724,0,36.625,116.875
725,0,36.875,100.875
726,0,36.875,101.125
727,0,36.875,101.375
728,0,36.875,101.625
729,0,36.875,101.875
730,0,36.875,102.125
731,0,36.875,102.375
732,0,36.875,102.625
733,0,36.875,102.875
734,0,36.875,103.125
735,0,36.875,103.375
736,0,36.875,103.625
737,0,36.875,103.875
738,0,36.875,104.125
739,0,36.875,104.375
740,0,36.875,104.625
741,0,36.875,104.875
742,0,36.875,105.125
743,0,36.875,105.375
744,0,36.875,105.625
745,0,36.875,105.875
746,0,36.875,106.125
747,0,36.875,106.375
748,0,36.875,106.625
749,0,36.875,106.875
750,0,36.875,107.125
751,0,36.875,107.375
752,0,36.875,107.625
753,0,36.875,107.875
754,0,36.875,108.125
755,0,36.875,108.375
756,0,36.875,108.625
757,0,36.875,108.875
758,0,36.875,109.125
759,0,36.875,109.375
760,0,36.875,109.625
761,0,36.875,109.875
762,0,36.875,110.125
763,0,36.875,110.375
764,0,36.875,110.625
765,0,36.875,110.875
766,0,36.875,111.125
767,0,36.875,111.375
768,0,36.875,111.625
769,0,36.875,111.875
770,0,36.875,112.125
771,0,36.875,112.375
772,0,37.125,100.875
773,0,37.125,101.125
774,0,37.125,101.375
775,0,37.125,101.625
776,0,37.125,101.875
777,0,37.125,102.125
778,0,37.125,102.375
779,0,37.125,102.625
780,0,37.125,102.875
781,0,37.125,103.125
782,0,37.125,103.375
783,0,37.125,103.625
784,0,37.125,103.875
785,0,37.125,104.125
786,0,37.125,104.375
787,0,37.125,104.625
788,0,37.125,104.875
789,0,37.125,105.125
790,0,37.125,105.375
791,0,37.125,105.625
792,0,37.125,105.875
793,0,37.125,106.125
794,0,37.125,106.375
795,0,37.125,106.625
796,0,37.125,106.875
797,0,37.125,107.125
798,0,37.125,107.375
799,0,37.125,107.625
800,0,37.125,107.875
801,0,37.125,108.125
802,0,37.125,108.375
803,0,37.125,108.625
804,0,37.125,108.875
805,0,37.125,109.125
806,0,37.125,109.375
807,0,37.125,109.625
808,0,37.125,109.875
809,0,37.125,110.125
810,0,37.125,110.375
811,0,37.125,110.625
812,0,37.125,110.875
813,0,37.125,111.125
814,0,37.125,111.375
815,0,37.125,111.625
816,0,37.125,111.875
817,0,37.125,112.125
818,0,37.125,112.375
819,0,37.125,112.625
820,0,37.375,101.125
821,0,37.375,101.375
822,0,37.375,101.625
823,0,37.375,101.875
824,0,37.375,102.125
825,0,37.375,104.375
826,0,37.375,104.625
827,0,37.375,104.875
828,0,37.375,105.125
829,0,37.375,105.375
830,0,37.375,105.625
831,0,37.375,105.875
832,0,37.375,106.125
833,0,37.375,106.375
834,0,37.375,106.625
835,0,37.375,106.875
836,0,37.375,107.125
837,0,37.375,107.375
838,0,37.375,107.625
839,0,37.375,107.875
840,0,37.375,108.125
841,0,37.375,108.375
842,0,37.375,108.625
843,0,37.375,108.875
844,0,37.375,109.125
845,0,37.375,109.375
846,0,37.375,109.625
847,0,37.375,109.875
848,0,37.375,110.125
849,0,37.375,110.375
850,0,37.375,110.625
851,0,37.375,110.875
852,0,37.375,111.125
853,0,37.375,111.375
854,0,37.375,111.625
855,0,37.375,111.875
856,0,37.375,112.125
857,0,37.375,112.375
858,0,37.375,112.625
859,0,37.375,112.875
860,0,37.375,118.125
861,0,37.625,100.625
862,0,37.625,100.875
863,0,37.625,101.125
864,0,37.625,101.375
865,0,37.625,105.125
866,0,37.625,105.375
867,0,37.625,105.625
868,0,37.625,105.875
869,0,37.625,106.125
870,0,37.625,106.375
871,0,37.625,106.625
872,0,37.625,106.875
873,0,37.625,107.125
874,0,37.625,107.375
875,0,37.625,107.625
876,0,37.625,107.875
877,0,37.625,108.125
878,0,37.625,108.375
879,0,37.625,108.625
880,0,37.625,108.875
881,0,37.625,109.125
882,0,37.625,109.375
883,0,37.625,109.625
884,0,37.625,109.875
885,0,37.625,110.125
886,0,37.625,110.375
887,0,37.625,110.625
888,0,37.625,110.875
889,0,37.625,111.125
890,0,37.625,111.375
891,0,37.625,111.625
892,0,37.625,111.875
893,0,37.625,112.125
894,0,37.625,112.375
895,0,37.625,112.625
896,0,37.625,112.875
897,0,37.625,113.125
898,0,37.625,113.375
899,0,37.625,118.625
900,0,37.875,99.625
901,0,37.875,99.875
902,0,37.875,100.125
903,0,37.875,100.375
904,0,37.875,100.625
905,0,37.875,105.625
906,0,37.875,105.875
907,0,37.875,106.125
908,0,37.875,106.375
909,0,37.875,106.625
910,0,37.875,106.875
911,0,37.875,107.125
912,0,37.875,107.375
913,0,37.875,107.625
914,0,37.875,107.875
915,0,37.875,108.125
916,0,37.875,108.375
917,0,37.875,108.625
918,0,37.875,108.875
919,0,37.875,109.125
920,0,37.875,109.375
921,0,37.875,109.625
922,0,37.875,109.875
923,0,37.875,110.125
924,0,37.875,110.375
925,0,37.875,110.625
926,0,37.875,110.875
927,0,37.875,111.125
928,0,37.875,111.375
929,0,37.875,111.625
930,0,37.875,111.875
931,0,37.875,112.125
932,0,37.875,112.375
933,0,37.875,112.625
934,0,37.875,112.875
935,0,37.875,113.125
936,0,38.125,99.125
937,0,38.125,99.375
938,0,38.125,99.625
939,0,38.125,99.875
940,0,38.125,105.625
941,0,38.125,105.875
942,0,38.125,106.125
943,0,38.125,106.375
944,0,38.125,106.625
945,0,38.125,106.875
946,0,38.125,107.125
947,0,38.125,107.375
948,0,38.125,107.625
949,0,38.125,107.875
950,0,38.125,108.125
951,0,38.125,108.375
952,0,38.125,108.625
953,0,38.125,108.875
954,0,38.125,109.125
955,0,38.125,109.375
956,0,38.125,109.625
957,0,38.125,109.875
958,0,38.125,110.125
959,0,38.125,110.375
960,0,38.125,110.625
961,0,38.125,110.875
962,0,38.125,111.125
963,0,38.125,111.375
964,0,38.125,111.625
965,0,38.125,111.875
966,0,38.125,112.125
967,0,38.125,112.375
968,0,38.125,112.625
969,0,38.375,105.875
970,0,38.375,106.125
971,0,38.375,106.375
972,0,38.375,106.625
973,0,38.375,106.875
974,0,38.375,107.125
975,0,38.375,107.375
976,0,38.375,107.625
977,0,38.375,107.875
978,0,38.375,108.125
979,0,38.375,108.375
980,0,38.375,108.625
981,0,38.375,108.875
982,0,38.375,109.125
983,0,38.375,109.375
984,0,38.375,109.625
985,0,38.375,109.875
986,0,38.375,110.125
987,0,38.375,110.375
988,0,38.375,110.625
989,0,38.375,110.875
990,0,38.375,111.125
991,0,38.375,111.375
992,0,38.375,111.625
993,0,38.375,111.875
994,0,38.375,112.125
995,0,38.625,105.875
996,0,38.625,106.125
997,0,38.625,106.375
998,0,38.625,106.625
999,0,38.625,106.875
1000,0,38.625,107.125
1001,0,38.625,107.375
1002,0,38.625,107.625
1003,0,38.625,107.875
1004,0,38.625,108.125
1005,0,38.625,108.375
1006,0,38.625,108.625
1007,0,38.625,108.875
1008,0,38.625,109.125
1009,0,38.625,109.375
1010,0,38.625,109.625
1011,0,38.625,109.875
1012,0,38.625,110.125
1013,0,38.625,110.375
1014,0,38.625,110.625
1015,0,38.625,110.875
1016,0,38.625,111.125
1017,0,38.625,111.375
1018,0,38.625,111.625
1019,0,38.625,111.875
1020,0,38.625,112.125
1021,0,38.625,112.375
1022,0,38.875,106.125
1023,0,38.875,106.375
1024,0,38.875,106.625
1025,0,38.875,106.875
1026,0,38.875,107.125
1027,0,38.875,107.375
1028,0,38.875,107.625
1029,0,38.875,107.875
1030,0,38.875,108.125
1031,0,38.875,108.375
1032,0,38.875,108.625
1033,0,38.875,108.875
1034,0,38.875,109.125
1035,0,38.875,109.375
1036,0,38.875,109.625
1037,0,38.875,109.875
1038,0,38.875,110.125
1039,0,38.875,110.375
1040,0,38.875,110.625
1041,0,38.875,110.875
1042,0,38.875,111.125
1043,0,38.875,111.375
1044,0,38.875,111.625
1045,0,38.875,111.875
1046,0,38.875,112.125
1047,0,39.125,106.125
1048,0,39.125,106.375
1049,0,39.125,106.625
1050,0,39.125,106.875
1051,0,39.125,107.125
1052,0,39.125,107.375
1053,0,39.125,107.625
1054,0,39.125,107.875
1055,0,39.125,108.125
1056,0,39.125,108.375
1057,0,39.125,108.625
1058,0,39.125,108.875
1059,0,39.125,109.125
1060,0,39.125,109.375
1061,0,39.125,109.625
1062,0,39.125,109.875
1063,0,39.125,110.125
1064,0,39.125,110.375
1065,0,39.125,110.625
1066,0,39.125,110.875
1067,0,39.125,111.125
1068,0,39.125,111.375
1069,0,39.125,111.625
1070,0,39.125,111.875
1071,0,39.125,112.125
1072,0,39.375,106.625
1073,0,39.375,106.875
1074,0,39.375,107.125
1075,0,39.375,107.375
1076,0,39.375,107.625
1077,0,39.375,107.875
1078,0,39.375,108.125
1079,0,39.375,108.375
1080,0,39.375,108.625
1081,0,39.375,108.875
1082,0,39.375,109.125
1083,0,39.375,109.375
1084,0,39.375,109.625
1085,0,39.375,109.875
1086,0,39.375,110.125
1087,0,39.375,110.375
1088,0,39.375,110.625
1089,0,39.375,110.875
1090,0,39.375,111.125
1091,0,39.375,111.375
1092,0,39.375,111.625
1093,0,39.375,111.875
1094,0,39.375,112.125
1095,0,39.625,106.625
1096,0,39.625,106.875
1097,0,39.625,107.125
1098,0,39.625,107.375
1099,0,39.625,107.625
1100,0,39.625,107.875
1101,0,39.625,108.125
1102,0,39.625,108.375
1103,0,39.625,108.625
1104,0,39.625,108.875
1105,0,39.625,109.125
1106,0,39.625,109.375
1107,0,39.625,109.625
1108,0,39.625,109.875
1109,0,39.625,110.125
1110,0,39.625,110.375
1111,0,39.625,110.625
1112,0,39.625,110.875
1113,0,39.625,111.125
1114,0,39.625,111.375
1115,0,39.625,111.625
1116,0,39.625,111.875
1117,0,39.625,112.125
1118,0,39.875,106.625
1119,0,39.875,106.875
1120,0,39.875,107.125
1121,0,39.875,107.375
1122,0,39.875,107.625
1123,0,39.875,107.875
1124,0,39.875,108.125
1125,0,39.875,108.375
1126,0,39.875,108.625
1127,0,39.875,108.875
1128,0,39.875,109.125
1129,0,39.875,109.375
1130,0,39.875,109.625
1131,0,39.875,109.875
1132,0,39.875,110.125
1133,0,39.875,110.375
1134,0,39.875,110.625
1135,0,39.875,110.875
1136,0,39.875,111.125
1137,0,39.875,111.375
1138,0,39.875,111.625
1139,0,39.875,111.875
1140,0,39.875,112.125
1141,0,39.875,112.375
1142,0,40.125,106.875
1143,0,40.125,107.125
1144,0,40.125,107.375
1145,0,40.125,107.625
1146,0,40.125,107.875
1147,0,40.125,108.125
1148,0,40.125,108.375
1149,0,40.125,108.625
1150,0,40.125,108.875
1151,0,40.125,109.125
1152,0,40.125,109.375
1153,0,40.125,109.625
1154,0,40.125,109.875
1155,0,40.125,110.125
1156,0,40.125,110.375
1157,0,40.125,110.625
1158,0,40.125,110.875
1159,0,40.125,111.125
1160,0,40.125,111.375
1161,0,40.125,111.625
1162,0,40.125,111.875
1163,0,40.125,112.125
1164,0,40.125,112.375
1165,0,40.125,112.625
1166,0,40.375,106.625
1167,0,40.375,106.875
1168,0,40.375,107.125
1169,0,40.375,107.375
1170,0,40.375,107.625
1171,0,40.375,107.875
1172,0,40.375,108.125
1173,0,40.375,108.375
1174,0,40.375,108.625
1175,0,40.375,108.875
1176,0,40.375,109.125
1177,0,40.375,109.375
1178,0,40.375,109.625
1179,0,40.375,109.875
1180,0,40.375,110.125
1181,0,40.375,110.375
1182,0,40.375,110.625
1183,0,40.375,110.875
1184,0,40.375,111.125
1185,0,40.375,111.375
1186,0,40.375,111.625
1187,0,40.375,111.875
1188,0,40.375,112.125
1189,0,40.625,106.625
1190,0,40.625,106.875
1191,0,40.625,107.125
1192,0,40.625,107.375
1193,0,40.625,107.625
1194,0,40.625,107.875
1195,0,40.625,108.125
1196,0,40.625,108.375
1197,0,40.625,108.625
1198,0,40.625,108.875
1199,0,40.625,109.125
1200,0,40.625,109.375
1201,0,40.625,109.625
1202,0,40.625,109.875
1203,0,40.625,110.125
1204,0,40.625,110.375
1205,0,40.625,110.625
1206,0,40.625,110.875
1207,0,40.625,111.125
1208,0,40.625,111.375
1209,0,40.625,111.625
1210,0,40.625,111.875
1211,0,40.625,112.125
1212,0,40.625,112.375
1213,0,40.875,106.625
1214,0,40.875,106.875
1215,0,40.875,107.125
1216,0,40.875,107.375
1217,0,40.875,107.625
1218,0,40.875,107.875
1219,0,40.875,108.125
1220,0,40.875,108.375
1221,0,40.875,108.625
1222,0,40.875,108.875
1223,0,40.875,109.125
1224,0,40.875,109.375
1225,0,40.875,109.625
1226,0,40.875,109.875
1227,0,40.875,110.125
1228,0,40.875,110.375
1229,0,40.875,110.625
1230,0,40.875,110.875
1231,0,40.875,111.125
1232,0,40.875,111.375
1233,0,40.875,111.625
1234,0,40.875,111.875
1235,0,40.875,112.125
1236,0,40.875,112.375
1237,0,40.875,112.625
1238,0,41.125,106.625
1239,0,41.125,106.875
1240,0,41.125,107.125
1241,0,41.125,107.375
1242,0,41.125,107.625
1243,0,41.125,107.875
1244,0,41.125,108.125
1245,0,41.125,108.375
1246,0,41.125,108.625
1247,0,41.125,108.875
1248,0,41.125,109.125
1249,0,41.125,109.375
1250,0,41.125,109.625
1251,0,41.125,109.875
1252,0,41.125,110.125
1253,0,41.125,110.375
1254,0,41.125,111.125
1255,0,41.125,111.375
1256,0,41.125,111.625
1257,0,41.125,111.875
1258,0,41.125,112.125
1259,0,41.125,112.375
1260,0,41.375,106.875
1261,0,41.375,107.125
1262,0,41.375,107.375
1263,0,41.375,107.625
1264,0,41.375,107.875
1265,0,41.375,108.125
1266,0,41.375,108.375
1267,0,41.375,108.625
1268,0,41.375,108.875
1269,0,41.375,109.125
1270,0,41.375,109.375
1271,0,41.375,109.625
1272,0,41.375,109.875
1273,0,41.375,112.125
1274,0,41.625,107.625
1275,0,41.625,107.875
1276,0,41.625,108.125
1277,0,41.625,108.375
1278,0,41.625,108.625
1279,0,41.625,108.875
1280,0,41.625,109.125
1281,0,41.625,109.375
1282,0,41.625,109.625
